
x0 =

  Columns 1 through 5

 -10.000000000000000 -10.000000000000000 -10.000000000000000   7.090076835776092   8.006367567650246

  Columns 6 through 7

                   0                   0

 
 Iteration   Func-count     min f(x)         Procedure
     0            1          50.6475         
 
diag(Q) = 
                      beta            p            r         ps_i       Ny_r_i
            q  4.53999e-05  4.53999e-05  4.53999e-05   1200.00000   3000.00000
 
 
diag(R) = 
                   aileron       rudder
            r      1.00000      1.00000
 
     1            8           46.103         initial simplex
     2            9           46.103         reflect
     3           10           46.103         reflect
     4           11           46.103         reflect
     5           12           46.103         reflect
     6           13           46.103         reflect
     7           15          42.8623         expand
     8           16          42.8623         reflect
     9           17          42.8623         reflect
    10           19          38.8581         expand
    11           20          38.8581         reflect
    12           22          34.1854         expand
    13           23          34.1854         reflect
    14           25          28.4112         expand
    15           26          28.4112         reflect
    16           27          28.4112         reflect
    17           29            16.17         expand
    18           30            16.17         reflect
    19           31            16.17         reflect
    20           33          6.86807         expand
    21           34          6.86807         reflect
    22           36          0.24215         expand
    23           37          0.24215         reflect
    24           38          0.24215         reflect
    25           39          0.24215         reflect
 
diag(Q) = 
                      beta            p            r         ps_i       Ny_r_i
            q  3.07792e-05      0.00025  8.84560e-05 112807.85205  18405.38084
 
 
diag(R) = 
                   aileron       rudder
            r      0.99822      0.99987
 
    26           40          0.24215         reflect
    27           42          0.24215         contract inside
    28           44          0.24215         contract inside
    29           45          0.24215         reflect
    30           46          0.24215         reflect
    31           48          0.24215         contract inside
    32           49          0.24215         reflect
    33           51          0.24215         contract inside
    34           53          0.24215         contract inside
    35           55          0.24215         contract inside
    36           57          0.24215         contract inside
    37           59          0.24215         contract inside
    38           61          0.24215         contract inside
    39           63          0.24215         contract inside
    40           65          0.24215         contract outside
    41           67          0.24215         contract inside
    42           69          0.24215         contract inside
    43           71          0.24215         contract inside
    44           73          0.24215         contract inside
    45           74          0.24215         reflect
    46           76          0.24215         contract outside
    47           78          0.24215         contract inside
    48           80          0.24215         contract inside
    49           82         0.122106         expand
    50           84         0.122106         contract inside
 
diag(Q) = 
                      beta            p            r         ps_i       Ny_r_i
            q  3.41911e-05      0.00027  9.26074e-05 110426.59889  14607.48623
 
 
diag(R) = 
                   aileron       rudder
            r      0.99841      1.00002
 
    51           85         0.122106         reflect
    52           86         0.122106         reflect
    53           88         0.122106         contract inside
    54           90         0.122106         contract inside
    55           91         0.122106         reflect
    56           92         0.122106         reflect
    57           94         0.074849         expand
    58           95         0.074849         reflect
    59           96         0.074849         reflect
    60           98        0.0370961         expand
    61          100        0.0348174         expand
    62          101        0.0348174         reflect
    63          103        0.0202769         reflect
    64          105        0.0020545         reflect
    65          106        0.0020545         reflect
    66          107        0.0020545         reflect
    67          108        0.0020545         reflect
    68          109        0.0020545         reflect
    69          111        0.0020545         contract inside
    70          113        0.0020545         contract inside
    71          115        0.0020545         contract inside
    72          117        0.0020545         contract inside
    73          119        0.0020545         contract inside
    74          121        0.0020545         contract inside
    75          123        0.0020545         contract inside
 
diag(Q) = 
                      beta            p            r         ps_i       Ny_r_i
            q  2.27106e-05      0.00024  5.83299e-05 113213.72038   8568.35587
 
 
diag(R) = 
                   aileron       rudder
            r      0.99794      1.00035
 
    76          125       0.00132528         contract inside
    77          127       0.00132528         contract inside
    78          129       0.00132528         contract inside
    79          131      0.000859432         contract inside
    80          133      0.000859432         contract inside
    81          135      0.000778421         contract inside
    82          137      0.000380602         contract inside
    83          139      0.000380602         contract inside
    84          141      0.000354255         contract inside
    85          143      0.000354255         contract inside
    86          145      0.000218626         contract inside
    87          147      0.000218626         contract inside
    88          149      0.000156802         contract inside
    89          151      0.000156802         contract inside
    90          153      0.000125205         contract inside
    91          155      8.61715e-05         contract inside
    92          157       5.8657e-05         contract inside
    93          159       5.8657e-05         contract inside
    94          161      5.79714e-05         contract inside
    95          163      2.98142e-05         contract inside
    96          164      2.98142e-05         reflect
    97          166       2.4788e-05         contract inside
    98          168       2.4788e-05         contract inside
    99          170       2.4788e-05         contract outside
   100          172      1.53487e-05         contract inside
 
diag(Q) = 
                      beta            p            r         ps_i       Ny_r_i
            q  2.54423e-05      0.00024  6.12850e-05 114696.91948   8049.02171
 
 
